S1223 2% HiRes
 1.00577     0.00817
 1.00323     0.01015
 0.99966     0.01327
 0.99621     0.01639
 0.99281     0.01940
 0.98938     0.02220
 0.98587     0.02480
 0.98220     0.02720
 0.97832     0.02948
 0.97421     0.03166
 0.96984     0.03379
 0.96517     0.03591
 0.96021     0.03803
 0.95495     0.04017
 0.94936     0.04232
 0.94346     0.04450
 0.93722     0.04670
 0.93063     0.04892
 0.92371     0.05117
 0.91645     0.05342
 0.90889     0.05569
 0.90102     0.05797
 0.89286     0.06024
 0.88445     0.06251
 0.87581     0.06476
 0.86696     0.06700
 0.85793     0.06921
 0.84873     0.07140
 0.83939     0.07356
 0.82992     0.07568
 0.82033     0.07778
 0.81064     0.07983
 0.80085     0.08186
 0.79099     0.08385
 0.78104     0.08581
 0.77104     0.08773
 0.76098     0.08961
 0.75089     0.09145
 0.74075     0.09326
 0.73056     0.09503
 0.72033     0.09677
 0.71006     0.09847
 0.69975     0.10014
 0.68943     0.10177
 0.67908     0.10337
 0.66870     0.10493
 0.65830     0.10646
 0.64786     0.10796
 0.63739     0.10943
 0.62689     0.11087
 0.61638     0.11228
 0.60584     0.11365
 0.59530     0.11500
 0.58474     0.11631
 0.57415     0.11760
 0.56355     0.11886
 0.55293     0.12009
 0.54228     0.12130
 0.53162     0.12248
 0.52096     0.12363
 0.51032     0.12476
 0.49971     0.12585
 0.48913     0.12691
 0.47858     0.12794
 0.46807     0.12893
 0.45760     0.12989
 0.44719     0.13080
 0.43686     0.13167
 0.42662     0.13250
 0.41646     0.13327
 0.40640     0.13398
 0.39641     0.13464
 0.38653     0.13523
 0.37676     0.13576
 0.36710     0.13622
 0.35757     0.13661
 0.34813     0.13692
 0.33878     0.13716
 0.32949     0.13732
 0.32030     0.13741
 0.31125     0.13743
 0.30238     0.13738
 0.29374     0.13724
 0.28530     0.13700
 0.27705     0.13667
 0.26895     0.13623
 0.26098     0.13568
 0.25310     0.13502
 0.24529     0.13424
 0.23752     0.13335
 0.22981     0.13235
 0.22214     0.13125
 0.21455     0.13004
 0.20702     0.12872
 0.19956     0.12730
 0.19216     0.12577
 0.18480     0.12412
 0.17747     0.12236
 0.17019     0.12050
 0.16297     0.11855
 0.15584     0.11650
 0.14880     0.11437
 0.14186     0.11215
 0.13502     0.10984
 0.12831     0.10747
 0.12173     0.10503
 0.11531     0.10253
 0.10906     0.09998
 0.10298     0.09738
 0.09709     0.09474
 0.09138     0.09206
 0.08586     0.08935
 0.08054     0.08663
 0.07544     0.08391
 0.07055     0.08119
 0.06588     0.07848
 0.06144     0.07579
 0.05722     0.07313
 0.05322     0.07049
 0.04942     0.06789
 0.04583     0.06533
 0.04245     0.06281
 0.03925     0.06034
 0.03624     0.05793
 0.03342     0.05557
 0.03077     0.05326
 0.02830     0.05100
 0.02598     0.04878
 0.02381     0.04661
 0.02178     0.04447
 0.01988     0.04237
 0.01811     0.04031
 0.01646     0.03827
 0.01492     0.03627
 0.01347     0.03430
 0.01213     0.03237
 0.01087     0.03047
 0.00970     0.02860
 0.00861     0.02677
 0.00760     0.02498
 0.00667     0.02323
 0.00581     0.02150
 0.00501     0.01981
 0.00429     0.01816
 0.00362     0.01653
 0.00302     0.01493
 0.00247     0.01335
 0.00198     0.01181
 0.00155     0.01030
 0.00116     0.00882
 0.00084     0.00737
 0.00056     0.00595
 0.00034     0.00456
 0.00017     0.00320
 0.00006     0.00187
-0.00001     0.00056
-0.00002    -0.00073
 0.00003    -0.00202
 0.00012    -0.00329
 0.00027    -0.00456
 0.00047    -0.00582
 0.00074    -0.00706
 0.00108    -0.00827
 0.00152    -0.00940
 0.00207    -0.01045
 0.00278    -0.01139
 0.00364    -0.01221
 0.00464    -0.01291
 0.00576    -0.01351
 0.00699    -0.01403
 0.00829    -0.01445
 0.00964    -0.01480
 0.01105    -0.01507
 0.01252    -0.01527
 0.01406    -0.01542
 0.01567    -0.01553
 0.01737    -0.01562
 0.01915    -0.01571
 0.02102    -0.01579
 0.02299    -0.01587
 0.02506    -0.01594
 0.02723    -0.01600
 0.02952    -0.01603
 0.03194    -0.01604
 0.03450    -0.01601
 0.03723    -0.01596
 0.04015    -0.01587
 0.04329    -0.01574
 0.04667    -0.01559
 0.05033    -0.01540
 0.05429    -0.01518
 0.05857    -0.01492
 0.06320    -0.01461
 0.06819    -0.01425
 0.07359    -0.01383
 0.07942    -0.01333
 0.08571    -0.01276
 0.09247    -0.01210
 0.09968    -0.01137
 0.10729    -0.01055
 0.11524    -0.00965
 0.12344    -0.00867
 0.13181    -0.00761
 0.14033    -0.00644
 0.14902    -0.00517
 0.15790    -0.00377
 0.16703    -0.00226
 0.17645    -0.00063
 0.18620     0.00112
 0.19627     0.00297
 0.20663     0.00488
 0.21716     0.00683
 0.22778     0.00878
 0.23841     0.01073
 0.24902     0.01266
 0.25960     0.01458
 0.27014     0.01646
 0.28065     0.01832
 0.29111     0.02014
 0.30154     0.02192
 0.31193     0.02367
 0.32228     0.02537
 0.33261     0.02704
 0.34291     0.02866
 0.35318     0.03024
 0.36343     0.03178
 0.37366     0.03328
 0.38387     0.03473
 0.39405     0.03614
 0.40422     0.03750
 0.41438     0.03881
 0.42452     0.04008
 0.43465     0.04130
 0.44477     0.04247
 0.45487     0.04360
 0.46496     0.04468
 0.47503     0.04571
 0.48507     0.04669
 0.49510     0.04761
 0.50511     0.04848
 0.51512     0.04931
 0.52511     0.05007
 0.53509     0.05079
 0.54506     0.05145
 0.55502     0.05206
 0.56497     0.05261
 0.57490     0.05311
 0.58481     0.05356
 0.59470     0.05395
 0.60456     0.05428
 0.61441     0.05455
 0.62423     0.05476
 0.63403     0.05492
 0.64381     0.05501
 0.65356     0.05505
 0.66328     0.05502
 0.67298     0.05493
 0.68265     0.05478
 0.69229     0.05456
 0.70190     0.05429
 0.71148     0.05394
 0.72102     0.05353
 0.73052     0.05306
 0.73997     0.05252
 0.74936     0.05191
 0.75871     0.05124
 0.76800     0.05050
 0.77722     0.04968
 0.78639     0.04880
 0.79549     0.04785
 0.80453     0.04682
 0.81348     0.04572
 0.82235     0.04456
 0.83112     0.04332
 0.83978     0.04202
 0.84833     0.04064
 0.85675     0.03920
 0.86503     0.03770
 0.87316     0.03612
 0.88112     0.03449
 0.88892     0.03280
 0.89652     0.03105
 0.90391     0.02925
 0.91108     0.02741
 0.91802     0.02553
 0.92470     0.02361
 0.93112     0.02165
 0.93728     0.01966
 0.94319     0.01763
 0.94884     0.01555
 0.95426     0.01343
 0.95946     0.01124
 0.96446     0.00899
 0.96928     0.00665
 0.97395     0.00423
 0.97849     0.00171
 0.98292    -0.00091
 0.98726    -0.00360
 0.99148    -0.00633
 0.99423    -0.00817
